#ID,time,wt,age,sex,amt,dvid,dv,mdv
1,0,75.3,43,1,113,0,.,1
1,0,75.3,43,1,.,2,100,0
1,6,75.3,43,1,.,1,8.6,0
1,12,75.3,43,1,.,1,8.6,0
1,24,75.3,43,1,.,1,7,0
1,24,75.3,43,1,.,2,34,0
1,36,75.3,43,1,.,1,5.7,0
1,36,75.3,43,1,.,2,23,0
1,48,75.3,43,1,.,1,4.7,0
1,48,75.3,43,1,.,2,20,0
1,72,75.3,43,1,.,1,3.3,0
1,72,75.3,43,1,.,2,16,0
1,96,75.3,43,1,.,1,2.3,0
1,96,75.3,43,1,.,2,17,0
1,120,75.3,43,1,.,1,1.7,0
1,120,75.3,43,1,.,2,18,0
1,144,75.3,43,1,.,2,25,0
2,0,74.7,23,1,112,0,.,1
2,0,74.7,23,1,.,2,100,0
2,24,74.7,23,1,.,1,11,0
2,24,74.7,23,1,.,2,32,0
2,36,74.7,23,1,.,1,10,0
2,36,74.7,23,1,.,2,20,0
2,48,74.7,23,1,.,1,8.2,0
2,48,74.7,23,1,.,2,17,0
2,72,74.7,23,1,.,1,6,0
2,72,74.7,23,1,.,2,19,0
2,96,74.7,23,1,.,1,3.7,0
2,96,74.7,23,1,.,2,21,0
2,120,74.7,23,1,.,1,2.6,0
2,120,74.7,23,1,.,2,30,0
3,0,74.7,31,1,112,0,.,1
3,0,74.7,31,1,.,2,100,0
3,24,74.7,31,1,.,1,7.6,0
3,24,74.7,31,1,.,2,32,0
3,36,74.7,31,1,.,1,6.6,0
3,36,74.7,31,1,.,2,20,0
3,48,74.7,31,1,.,1,5.4,0
3,48,74.7,31,1,.,2,18,0
3,72,74.7,31,1,.,1,3.4,0
3,72,74.7,31,1,.,2,18,0
3,96,74.7,31,1,.,1,1.2,0
3,96,74.7,31,1,.,2,19,0
3,120,74.7,31,1,.,1,0.9,0
3,120,74.7,31,1,.,2,29,0
4,0,66.7,50,1,100,0,.,1
4,0,66.7,50,1,.,2,100,0
4,24,66.7,50,1,.,1,9.2,0
4,24,66.7,50,1,.,2,49,0
4,36,66.7,50,1,.,1,8.5,0
4,36,66.7,50,1,.,2,32,0
4,48,66.7,50,1,.,1,6.4,0
4,48,66.7,50,1,.,2,26,0
4,72,66.7,50,1,.,1,4.8,0
4,72,66.7,50,1,.,2,22,0
4,96,66.7,50,1,.,1,3.1,0
4,96,66.7,50,1,.,2,28,0
4,120,66.7,50,1,.,1,2.5,0
4,120,66.7,50,1,.,2,33,0
5,0,70,23,1,105,0,.,1
5,0,70,23,1,.,2,100,0
5,24,70,23,1,.,1,9.9,0
5,24,70,23,1,.,2,45,0
5,36,70,23,1,.,1,7.5,0
5,36,70,23,1,.,2,24,0
5,48,70,23,1,.,1,6.5,0
5,48,70,23,1,.,2,23,0
5,72,70,23,1,.,1,4.1,0
5,72,70,23,1,.,2,26,0
5,96,70,23,1,.,1,2.9,0
5,96,70,23,1,.,2,28,0
5,120,70,23,1,.,1,2.3,0
5,120,70,23,1,.,2,39,0
6,0,75.3,43,1,113,0,.,1
6,0,75.3,43,1,.,2,100,0
6,6,75.3,43,1,.,1,8.6,0
6,12,75.3,43,1,.,1,8.6,0
6,24,75.3,43,1,.,1,7,0
6,24,75.3,43,1,.,2,34,0
6,36,75.3,43,1,.,1,5.7,0
6,36,75.3,43,1,.,2,23,0
6,48,75.3,43,1,.,1,4.7,0
6,48,75.3,43,1,.,2,20,0
6,72,75.3,43,1,.,1,3.3,0
6,72,75.3,43,1,.,2,16,0
6,96,75.3,43,1,.,1,2.3,0
6,96,75.3,43,1,.,2,17,0
6,120,75.3,43,1,.,1,1.7,0
6,120,75.3,43,1,.,2,18,0
6,144,75.3,43,1,.,2,25,0
7,0,66.7,50,1,100,0,.,1
7,0,66.7,50,1,.,2,100,0
7,24,66.7,50,1,.,1,9.2,0
7,24,66.7,50,1,.,2,49,0
7,36,66.7,50,1,.,1,8.5,0
7,36,66.7,50,1,.,2,32,0
7,48,66.7,50,1,.,1,6.4,0
7,48,66.7,50,1,.,2,26,0
7,72,66.7,50,1,.,1,4.8,0
7,72,66.7,50,1,.,2,22,0
7,96,66.7,50,1,.,1,3.1,0
7,96,66.7,50,1,.,2,28,0
7,120,66.7,50,1,.,1,2.5,0
7,120,66.7,50,1,.,2,33,0
8,0,80,23,1,120,0,.,1
8,0,80,23,1,.,2,100,0
8,24,80,23,1,.,1,10,0
8,24,80,23,1,.,2,41,0
8,36,80,23,1,.,1,9,0
8,36,80,23,1,.,2,28,0
8,48,80,23,1,.,1,7.3,0
8,48,80,23,1,.,2,19,0
8,72,80,23,1,.,1,5.2,0
8,72,80,23,1,.,2,17,0
8,96,80,23,1,.,1,3.7,0
8,96,80,23,1,.,2,17,0
8,120,80,23,1,.,1,2.7,0
8,120,80,23,1,.,2,24,0
9,0,80,22,1,120,0,.,1
9,0,80,22,1,.,2,100,0
9,24,80,22,1,.,1,10.1,0
9,24,80,22,1,.,2,39,0
9,36,80,22,1,.,1,8,0
9,36,80,22,1,.,2,25,0
9,48,80,22,1,.,1,6,0
9,48,80,22,1,.,2,16,0
9,72,80,22,1,.,1,4.9,0
9,72,80,22,1,.,2,14,0
9,96,80,22,1,.,1,3.4,0
9,96,80,22,1,.,2,15,0
9,120,80,22,1,.,1,2,0
9,120,80,22,1,.,2,20,0
10,0,66.7,50,1,100,0,.,1
10,0,66.7,50,1,.,2,100,0
10,24,66.7,50,1,.,1,9.2,0
10,24,66.7,50,1,.,2,49,0
10,36,66.7,50,1,.,1,8.5,0
10,36,66.7,50,1,.,2,32,0
10,48,66.7,50,1,.,1,6.4,0
10,48,66.7,50,1,.,2,26,0
10,72,66.7,50,1,.,1,4.8,0
10,72,66.7,50,1,.,2,22,0
10,96,66.7,50,1,.,1,3.1,0
10,96,66.7,50,1,.,2,28,0
10,120,66.7,50,1,.,1,2.5,0
10,120,66.7,50,1,.,2,33,0
11,0,63.7,22,1,95.5,0,.,1
11,0,63.7,22,1,.,2,100,0
11,24,63.7,22,1,.,1,6.6,0
11,24,63.7,22,1,.,2,33,0
11,36,63.7,22,1,.,1,5.3,0
11,36,63.7,22,1,.,2,28,0
11,48,63.7,22,1,.,1,3.6,0
11,48,63.7,22,1,.,2,18,0
11,72,63.7,22,1,.,1,2.7,0
11,72,63.7,22,1,.,2,18,0
11,96,63.7,22,1,.,1,1.4,0
11,96,63.7,22,1,.,2,17,0
11,120,63.7,22,1,.,1,1.1,0
11,120,63.7,22,1,.,2,26,0
12,0,70,23,1,105,0,.,1
12,0,70,23,1,.,2,100,0
12,24,70,23,1,.,1,9.9,0
12,24,70,23,1,.,2,45,0
12,36,70,23,1,.,1,7.5,0
12,36,70,23,1,.,2,24,0
12,48,70,23,1,.,1,6.5,0
12,48,70,23,1,.,2,23,0
12,72,70,23,1,.,1,4.1,0
12,72,70,23,1,.,2,26,0
12,96,70,23,1,.,1,2.9,0
12,96,70,23,1,.,2,28,0
12,120,70,23,1,.,1,2.3,0
12,120,70,23,1,.,2,39,0
13,0,75.3,43,1,113,0,.,1
13,0,75.3,43,1,.,2,100,0
13,6,75.3,43,1,.,1,8.6,0
13,12,75.3,43,1,.,1,8.6,0
13,24,75.3,43,1,.,1,7,0
13,24,75.3,43,1,.,2,34,0
13,36,75.3,43,1,.,1,5.7,0
13,36,75.3,43,1,.,2,23,0
13,48,75.3,43,1,.,1,4.7,0
13,48,75.3,43,1,.,2,20,0
13,72,75.3,43,1,.,1,3.3,0
13,72,75.3,43,1,.,2,16,0
13,96,75.3,43,1,.,1,2.3,0
13,96,75.3,43,1,.,2,17,0
13,120,75.3,43,1,.,1,1.7,0
13,120,75.3,43,1,.,2,18,0
13,144,75.3,43,1,.,2,25,0
14,0,66.7,50,1,100,0,.,1
14,0,66.7,50,1,.,2,.,1
14,0.5,66.7,50,1,.,1,0,0
14,1,66.7,50,1,.,1,1.9,0
14,2,66.7,50,1,.,1,3.3,0
14,3,66.7,50,1,.,1,6.6,0
14,6,66.7,50,1,.,1,9.1,0
14,9,66.7,50,1,.,1,10.8,0
14,12,66.7,50,1,.,1,8.6,0
14,24,66.7,50,1,.,1,5.6,0
14,24,66.7,50,1,.,2,44,0
14,36,66.7,50,1,.,1,4,0
14,36,66.7,50,1,.,2,27,0
14,48,66.7,50,1,.,1,2.7,0
14,48,66.7,50,1,.,2,28,0
14,72,66.7,50,1,.,1,0.8,0
14,72,66.7,50,1,.,2,31,0
14,96,66.7,50,1,.,1,.,1
14,96,66.7,50,1,.,2,60,0
14,120,66.7,50,1,.,1,.,1
14,120,66.7,50,1,.,2,65,0
14,144,66.7,50,1,.,2,71,0
15,0,80,22,1,120,0,.,1
15,0,80,22,1,.,2,100,0
15,24,80,22,1,.,1,10.1,0
15,24,80,22,1,.,2,39,0
15,36,80,22,1,.,1,8,0
15,36,80,22,1,.,2,25,0
15,48,80,22,1,.,1,6,0
15,48,80,22,1,.,2,16,0
15,72,80,22,1,.,1,4.9,0
15,72,80,22,1,.,2,14,0
15,96,80,22,1,.,1,3.4,0
15,96,80,22,1,.,2,15,0
15,120,80,22,1,.,1,2,0
15,120,80,22,1,.,2,20,0
16,0,60,36,0,90,0,.,1
16,3,60,36,0,.,1,13.4,0
16,6,60,36,0,.,1,12.4,0
16,9,60,36,0,.,1,12.7,0
16,12,60,36,0,.,1,8.8,0
16,24,60,36,0,.,1,6.1,0
16,24,60,36,0,.,2,36,0
16,36,60,36,0,.,1,3.5,0
16,36,60,36,0,.,2,33,0
16,48,60,36,0,.,1,1.8,0
16,48,60,36,0,.,2,28,0
16,72,60,36,0,.,1,1.5,0
16,72,60,36,0,.,2,52,0
16,96,60,36,0,.,1,1,0
16,96,60,36,0,.,2,80,0
16,120,60,36,0,.,1,.,1
16,120,60,36,0,.,2,90,0
16,144,60,36,0,.,2,100,0
17,0,75.3,32,1,113,0,.,1
17,0,75.3,32,1,.,2,85,0
17,1.5,75.3,32,1,.,1,0.6,0
17,6,75.3,32,1,.,1,13.8,0
17,9,75.3,32,1,.,1,15,0
17,24,75.3,32,1,.,1,10.5,0
17,24,75.3,32,1,.,2,25,0
17,36,75.3,32,1,.,1,9.1,0
17,36,75.3,32,1,.,2,15,0
17,48,75.3,32,1,.,1,6.6,0
17,48,75.3,32,1,.,2,11,0
17,72,75.3,32,1,.,1,4.9,0
17,72,75.3,32,1,.,2,.,1
17,96,75.3,32,1,.,1,2.4,0
17,96,75.3,32,1,.,2,.,1
17,120,75.3,32,1,.,1,1.9,0
17,120,75.3,32,1,.,2,.,1
17,144,75.3,32,1,.,2,.,1
18,0,102,22,1,153,0,.,1
18,0,102,22,1,.,2,86,0
18,24,102,22,1,.,1,8.3,0
18,24,102,22,1,.,2,35,0
18,36,102,22,1,.,1,7,0
18,36,102,22,1,.,2,21,0
18,48,102,22,1,.,1,5.6,0
18,48,102,22,1,.,2,18,0
18,72,102,22,1,.,1,4.1,0
18,72,102,22,1,.,2,20,0
18,96,102,22,1,.,1,3.1,0
18,96,102,22,1,.,2,29,0
18,120,102,22,1,.,1,2.2,0
18,120,102,22,1,.,2,41,0
19,0,90,41,1,135,0,.,1
19,0,90,41,1,.,2,88,0
19,2,90,41,1,.,1,17.6,0
19,3,90,41,1,.,1,17.3,0
19,6,90,41,1,.,1,15,0
19,9,90,41,1,.,1,15,0
19,12,90,41,1,.,1,12.4,0
19,24,90,41,1,.,1,7.9,0
19,24,90,41,1,.,2,35,0
19,36,90,41,1,.,1,7.9,0
19,36,90,41,1,.,2,20,0
19,48,90,41,1,.,1,5.1,0
19,48,90,41,1,.,2,12,0
19,72,90,41,1,.,1,3.6,0
19,72,90,41,1,.,2,16,0
19,96,90,41,1,.,1,2.4,0
19,96,90,41,1,.,2,23,0
19,120,90,41,1,.,1,2,0
19,120,90,41,1,.,2,36,0
19,144,90,41,1,.,2,48,0
20,0,70,28,1,105,0,.,1
20,0,70,28,1,.,2,90,0
20,24,70,28,1,.,1,8.6,0
20,24,70,28,1,.,2,39,0
20,36,70,28,1,.,1,8,0
20,36,70,28,1,.,2,22,0
20,48,70,28,1,.,1,6,0
20,48,70,28,1,.,2,17,0
20,72,70,28,1,.,1,4.4,0
20,72,70,28,1,.,2,17,0
20,96,70,28,1,.,1,3.6,0
20,96,70,28,1,.,2,22,0
20,120,70,28,1,.,1,2.8,0
20,120,70,28,1,.,2,25,0
20,144,70,28,1,.,2,33,0
21,0,83.3,24,1,125,0,.,1
21,0,83.3,24,1,.,2,100,0
21,24,83.3,24,1,.,1,9.5,0
21,24,83.3,24,1,.,2,45,0
21,36,83.3,24,1,.,1,7.8,0
21,36,83.3,24,1,.,2,30,0
21,48,83.3,24,1,.,1,6.4,0
21,48,83.3,24,1,.,2,24,0
21,72,83.3,24,1,.,1,4.5,0
21,72,83.3,24,1,.,2,22,0
21,96,83.3,24,1,.,1,3.4,0
21,96,83.3,24,1,.,2,28,0
21,120,83.3,24,1,.,1,2.5,0
21,120,83.3,24,1,.,2,42,0
22,0,66.7,50,1,100,0,.,1
22,0,66.7,50,1,.,2,.,1
22,0.5,66.7,50,1,.,1,0,0
22,1,66.7,50,1,.,1,1.9,0
22,2,66.7,50,1,.,1,3.3,0
22,3,66.7,50,1,.,1,6.6,0
22,6,66.7,50,1,.,1,9.1,0
22,9,66.7,50,1,.,1,10.8,0
22,12,66.7,50,1,.,1,8.6,0
22,24,66.7,50,1,.,1,5.6,0
22,24,66.7,50,1,.,2,44,0
22,36,66.7,50,1,.,1,4,0
22,36,66.7,50,1,.,2,27,0
22,48,66.7,50,1,.,1,2.7,0
22,48,66.7,50,1,.,2,28,0
22,72,66.7,50,1,.,1,0.8,0
22,72,66.7,50,1,.,2,31,0
22,96,66.7,50,1,.,1,.,1
22,96,66.7,50,1,.,2,60,0
22,120,66.7,50,1,.,1,.,1
22,120,66.7,50,1,.,2,65,0
22,144,66.7,50,1,.,2,71,0
23,0,80,23,1,120,0,.,1
23,0,80,23,1,.,2,100,0
23,24,80,23,1,.,1,10,0
23,24,80,23,1,.,2,41,0
23,36,80,23,1,.,1,9,0
23,36,80,23,1,.,2,28,0
23,48,80,23,1,.,1,7.3,0
23,48,80,23,1,.,2,19,0
23,72,80,23,1,.,1,5.2,0
23,72,80,23,1,.,2,17,0
23,96,80,23,1,.,1,3.7,0
23,96,80,23,1,.,2,17,0
23,120,80,23,1,.,1,2.7,0
23,120,80,23,1,.,2,24,0
24,0,83.3,24,1,125,0,.,1
24,0,83.3,24,1,.,2,100,0
24,24,83.3,24,1,.,1,9.5,0
24,24,83.3,24,1,.,2,45,0
24,36,83.3,24,1,.,1,7.8,0
24,36,83.3,24,1,.,2,30,0
24,48,83.3,24,1,.,1,6.4,0
24,48,83.3,24,1,.,2,24,0
24,72,83.3,24,1,.,1,4.5,0
24,72,83.3,24,1,.,2,22,0
24,96,83.3,24,1,.,1,3.4,0
24,96,83.3,24,1,.,2,28,0
24,120,83.3,24,1,.,1,2.5,0
24,120,83.3,24,1,.,2,42,0
25,0,58,22,1,87,0,.,1
25,0,58,22,1,.,2,100,0
25,24,58,22,1,.,1,8.9,0
25,24,58,22,1,.,2,35,0
25,36,58,22,1,.,1,8.4,0
25,36,58,22,1,.,2,27,0
25,48,58,22,1,.,1,8,0
25,48,58,22,1,.,2,23,0
25,72,58,22,1,.,1,4.4,0
25,72,58,22,1,.,2,27,0
25,96,58,22,1,.,1,3.2,0
25,96,58,22,1,.,2,43,0
25,120,58,22,1,.,1,1.7,0
25,120,58,22,1,.,2,43,0
26,0,66.7,50,1,100,0,.,1
26,0,66.7,50,1,.,2,100,0
26,24,66.7,50,1,.,1,9.2,0
26,24,66.7,50,1,.,2,49,0
26,36,66.7,50,1,.,1,8.5,0
26,36,66.7,50,1,.,2,32,0
26,48,66.7,50,1,.,1,6.4,0
26,48,66.7,50,1,.,2,26,0
26,72,66.7,50,1,.,1,4.8,0
26,72,66.7,50,1,.,2,22,0
26,96,66.7,50,1,.,1,3.1,0
26,96,66.7,50,1,.,2,28,0
26,120,66.7,50,1,.,1,2.5,0
26,120,66.7,50,1,.,2,33,0
27,0,58,22,1,87,0,.,1
27,0,58,22,1,.,2,100,0
27,24,58,22,1,.,1,8.9,0
27,24,58,22,1,.,2,35,0
27,36,58,22,1,.,1,8.4,0
27,36,58,22,1,.,2,27,0
27,48,58,22,1,.,1,8,0
27,48,58,22,1,.,2,23,0
27,72,58,22,1,.,1,4.4,0
27,72,58,22,1,.,2,27,0
27,96,58,22,1,.,1,3.2,0
27,96,58,22,1,.,2,43,0
27,120,58,22,1,.,1,1.7,0
27,120,58,22,1,.,2,43,0
28,0,102,22,1,153,0,.,1
28,0,102,22,1,.,2,86,0
28,24,102,22,1,.,1,8.3,0
28,24,102,22,1,.,2,35,0
28,36,102,22,1,.,1,7,0
28,36,102,22,1,.,2,21,0
28,48,102,22,1,.,1,5.6,0
28,48,102,22,1,.,2,18,0
28,72,102,22,1,.,1,4.1,0
28,72,102,22,1,.,2,20,0
28,96,102,22,1,.,1,3.1,0
28,96,102,22,1,.,2,29,0
28,120,102,22,1,.,1,2.2,0
28,120,102,22,1,.,2,41,0
29,0,74.7,23,1,112,0,.,1
29,0,74.7,23,1,.,2,100,0
29,24,74.7,23,1,.,1,11,0
29,24,74.7,23,1,.,2,32,0
29,36,74.7,23,1,.,1,10,0
29,36,74.7,23,1,.,2,20,0
29,48,74.7,23,1,.,1,8.2,0
29,48,74.7,23,1,.,2,17,0
29,72,74.7,23,1,.,1,6,0
29,72,74.7,23,1,.,2,19,0
29,96,74.7,23,1,.,1,3.7,0
29,96,74.7,23,1,.,2,21,0
29,120,74.7,23,1,.,1,2.6,0
29,120,74.7,23,1,.,2,30,0
30,0,75.3,32,1,113,0,.,1
30,0,75.3,32,1,.,2,85,0
30,1.5,75.3,32,1,.,1,0.6,0
30,6,75.3,32,1,.,1,13.8,0
30,9,75.3,32,1,.,1,15,0
30,24,75.3,32,1,.,1,10.5,0
30,24,75.3,32,1,.,2,25,0
30,36,75.3,32,1,.,1,9.1,0
30,36,75.3,32,1,.,2,15,0
30,48,75.3,32,1,.,1,6.6,0
30,48,75.3,32,1,.,2,11,0
30,72,75.3,32,1,.,1,4.9,0
30,72,75.3,32,1,.,2,.,1
30,96,75.3,32,1,.,1,2.4,0
30,96,75.3,32,1,.,2,.,1
30,120,75.3,32,1,.,1,1.9,0
30,120,75.3,32,1,.,2,.,1
30,144,75.3,32,1,.,2,.,1
31,0,59,22,1,88.5,0,.,1
31,0,59,22,1,.,2,100,0
31,24,59,22,1,.,1,9.6,0
31,24,59,22,1,.,2,41,0
31,36,59,22,1,.,1,8,0
31,36,59,22,1,.,2,30,0
31,48,59,22,1,.,1,6.6,0
31,48,59,22,1,.,2,22,0
31,72,59,22,1,.,1,5.6,0
31,72,59,22,1,.,2,23,0
31,96,59,22,1,.,1,3.5,0
31,96,59,22,1,.,2,23,0
31,120,59,22,1,.,1,2.3,0
31,120,59,22,1,.,2,35,0
32,0,62,21,1,93,0,.,1
32,0,62,21,1,.,2,100,0
32,24,62,21,1,.,1,8.9,0
32,24,62,21,1,.,2,36,0
32,36,62,21,1,.,1,7.7,0
32,36,62,21,1,.,2,27,0
32,48,62,21,1,.,1,6.9,0
32,48,62,21,1,.,2,24,0
32,72,62,21,1,.,1,4.4,0
32,72,62,21,1,.,2,23,0
32,96,62,21,1,.,1,3.5,0
32,96,62,21,1,.,2,20,0
32,120,62,21,1,.,1,2.5,0
32,120,62,21,1,.,2,22,0
33,0,74.7,31,1,112,0,.,1
33,0,74.7,31,1,.,2,100,0
33,24,74.7,31,1,.,1,7.6,0
33,24,74.7,31,1,.,2,32,0
33,36,74.7,31,1,.,1,6.6,0
33,36,74.7,31,1,.,2,20,0
33,48,74.7,31,1,.,1,5.4,0
33,48,74.7,31,1,.,2,18,0
33,72,74.7,31,1,.,1,3.4,0
33,72,74.7,31,1,.,2,18,0
33,96,74.7,31,1,.,1,1.2,0
33,96,74.7,31,1,.,2,19,0
33,120,74.7,31,1,.,1,0.9,0
33,120,74.7,31,1,.,2,29,0
34,0,60,36,0,90,0,.,1
34,3,60,36,0,.,1,13.4,0
34,6,60,36,0,.,1,12.4,0
34,9,60,36,0,.,1,12.7,0
34,12,60,36,0,.,1,8.8,0
34,24,60,36,0,.,1,6.1,0
34,24,60,36,0,.,2,36,0
34,36,60,36,0,.,1,3.5,0
34,36,60,36,0,.,2,33,0
34,48,60,36,0,.,1,1.8,0
34,48,60,36,0,.,2,28,0
34,72,60,36,0,.,1,1.5,0
34,72,60,36,0,.,2,52,0
34,96,60,36,0,.,1,1,0
34,96,60,36,0,.,2,80,0
34,120,60,36,0,.,1,.,1
34,120,60,36,0,.,2,90,0
34,144,60,36,0,.,2,100,0
35,0,73.3,22,1,110,0,.,1
35,0,73.3,22,1,.,2,100,0
35,24,73.3,22,1,.,1,9.8,0
35,24,73.3,22,1,.,2,34,0
35,36,73.3,22,1,.,1,8.4,0
35,36,73.3,22,1,.,2,24,0
35,48,73.3,22,1,.,1,6.6,0
35,48,73.3,22,1,.,2,15,0
35,72,73.3,22,1,.,1,4.8,0
35,72,73.3,22,1,.,2,15,0
35,96,73.3,22,1,.,1,3.2,0
35,96,73.3,22,1,.,2,19,0
35,120,73.3,22,1,.,1,2.4,0
35,120,73.3,22,1,.,2,19,0
36,0,56.7,27,0,85,0,.,1
36,0,56.7,27,0,.,2,100,0
36,1,56.7,27,0,.,1,6.6,0
36,3,56.7,27,0,.,1,11.9,0
36,6,56.7,27,0,.,1,11.7,0
36,9,56.7,27,0,.,1,12.2,0
36,24,56.7,27,0,.,1,8.1,0
36,24,56.7,27,0,.,2,43,0
36,36,56.7,27,0,.,1,7.4,0
36,36,56.7,27,0,.,2,26,0
36,48,56.7,27,0,.,1,6.8,0
36,48,56.7,27,0,.,2,15,0
36,72,56.7,27,0,.,1,5.3,0
36,72,56.7,27,0,.,2,13,0
36,96,56.7,27,0,.,1,3,0
36,96,56.7,27,0,.,2,21,0
36,120,56.7,27,0,.,1,2,0
36,120,56.7,27,0,.,2,28,0
36,144,56.7,27,0,.,2,39,0
37,0,66.7,50,1,100,0,.,1
37,0,66.7,50,1,.,2,.,1
37,0.5,66.7,50,1,.,1,0,0
37,1,66.7,50,1,.,1,1.9,0
37,2,66.7,50,1,.,1,3.3,0
37,3,66.7,50,1,.,1,6.6,0
37,6,66.7,50,1,.,1,9.1,0
37,9,66.7,50,1,.,1,10.8,0
37,12,66.7,50,1,.,1,8.6,0
37,24,66.7,50,1,.,1,5.6,0
37,24,66.7,50,1,.,2,44,0
37,36,66.7,50,1,.,1,4,0
37,36,66.7,50,1,.,2,27,0
37,48,66.7,50,1,.,1,2.7,0
37,48,66.7,50,1,.,2,28,0
37,72,66.7,50,1,.,1,0.8,0
37,72,66.7,50,1,.,2,31,0
37,96,66.7,50,1,.,1,.,1
37,96,66.7,50,1,.,2,60,0
37,120,66.7,50,1,.,1,.,1
37,120,66.7,50,1,.,2,65,0
37,144,66.7,50,1,.,2,71,0
38,0,70,28,1,105,0,.,1
38,0,70,28,1,.,2,90,0
38,24,70,28,1,.,1,8.6,0
38,24,70,28,1,.,2,39,0
38,36,70,28,1,.,1,8,0
38,36,70,28,1,.,2,22,0
38,48,70,28,1,.,1,6,0
38,48,70,28,1,.,2,17,0
38,72,70,28,1,.,1,4.4,0
38,72,70,28,1,.,2,17,0
38,96,70,28,1,.,1,3.6,0
38,96,70,28,1,.,2,22,0
38,120,70,28,1,.,1,2.8,0
38,120,70,28,1,.,2,25,0
38,144,70,28,1,.,2,33,0
39,0,80,22,1,120,0,.,1
39,0,80,22,1,.,2,100,0
39,24,80,22,1,.,1,10.1,0
39,24,80,22,1,.,2,39,0
39,36,80,22,1,.,1,8,0
39,36,80,22,1,.,2,25,0
39,48,80,22,1,.,1,6,0
39,48,80,22,1,.,2,16,0
39,72,80,22,1,.,1,4.9,0
39,72,80,22,1,.,2,14,0
39,96,80,22,1,.,1,3.4,0
39,96,80,22,1,.,2,15,0
39,120,80,22,1,.,1,2,0
39,120,80,22,1,.,2,20,0
40,0,80,22,1,120,0,.,1
40,0,80,22,1,.,2,100,0
40,24,80,22,1,.,1,10.1,0
40,24,80,22,1,.,2,39,0
40,36,80,22,1,.,1,8,0
40,36,80,22,1,.,2,25,0
40,48,80,22,1,.,1,6,0
40,48,80,22,1,.,2,16,0
40,72,80,22,1,.,1,4.9,0
40,72,80,22,1,.,2,14,0
40,96,80,22,1,.,1,3.4,0
40,96,80,22,1,.,2,15,0
40,120,80,22,1,.,1,2,0
40,120,80,22,1,.,2,20,0
41,0,83.3,24,1,125,0,.,1
41,0,83.3,24,1,.,2,100,0
41,24,83.3,24,1,.,1,9.5,0
41,24,83.3,24,1,.,2,45,0
41,36,83.3,24,1,.,1,7.8,0
41,36,83.3,24,1,.,2,30,0
41,48,83.3,24,1,.,1,6.4,0
41,48,83.3,24,1,.,2,24,0
41,72,83.3,24,1,.,1,4.5,0
41,72,83.3,24,1,.,2,22,0
41,96,83.3,24,1,.,1,3.4,0
41,96,83.3,24,1,.,2,28,0
41,120,83.3,24,1,.,1,2.5,0
41,120,83.3,24,1,.,2,42,0
42,0,50,36,0,75,0,.,1
42,0,50,36,0,.,2,85,0
42,0.5,50,36,0,.,1,0,0
42,1,50,36,0,.,1,2.7,0
42,2,50,36,0,.,1,11.6,0
42,3,50,36,0,.,1,11.6,0
42,6,50,36,0,.,1,11.3,0
42,9,50,36,0,.,1,9.7,0
42,24,50,36,0,.,1,6.5,0
42,24,50,36,0,.,2,32,0
42,36,50,36,0,.,1,5.2,0
42,36,50,36,0,.,2,22,0
42,48,50,36,0,.,1,3.6,0
42,48,50,36,0,.,2,21,0
42,72,50,36,0,.,1,2.4,0
42,72,50,36,0,.,2,28,0
42,96,50,36,0,.,1,0.9,0
42,96,50,36,0,.,2,38,0
42,120,50,36,0,.,1,.,1
42,120,50,36,0,.,2,46,0
42,144,50,36,0,.,2,65,0
43,0,74.7,31,1,112,0,.,1
43,0,74.7,31,1,.,2,100,0
43,24,74.7,31,1,.,1,7.6,0
43,24,74.7,31,1,.,2,32,0
43,36,74.7,31,1,.,1,6.6,0
43,36,74.7,31,1,.,2,20,0
43,48,74.7,31,1,.,1,5.4,0
43,48,74.7,31,1,.,2,18,0
43,72,74.7,31,1,.,1,3.4,0
43,72,74.7,31,1,.,2,18,0
43,96,74.7,31,1,.,1,1.2,0
43,96,74.7,31,1,.,2,19,0
43,120,74.7,31,1,.,1,0.9,0
43,120,74.7,31,1,.,2,29,0
44,0,80,22,1,120,0,.,1
44,0,80,22,1,.,2,100,0
44,24,80,22,1,.,1,11.8,0
44,24,80,22,1,.,2,32,0
44,36,80,22,1,.,1,9.2,0
44,36,80,22,1,.,2,21,0
44,48,80,22,1,.,1,7.7,0
44,48,80,22,1,.,2,19,0
44,72,80,22,1,.,1,4.9,0
44,72,80,22,1,.,2,22,0
44,96,80,22,1,.,1,3.4,0
44,96,80,22,1,.,2,33,0
44,120,80,22,1,.,1,2.7,0
44,120,80,22,1,.,2,46,0
45,0,78,28,1,117,0,.,1
45,0,78,28,1,.,2,100,0
45,24,78,28,1,.,1,7.6,0
45,24,78,28,1,.,2,35,0
45,36,78,28,1,.,1,6.4,0
45,36,78,28,1,.,2,23,0
45,48,78,28,1,.,1,6,0
45,48,78,28,1,.,2,17,0
45,72,78,28,1,.,1,4,0
45,72,78,28,1,.,2,18,0
45,96,78,28,1,.,1,3.1,0
45,96,78,28,1,.,2,18,0
45,120,78,28,1,.,1,2,0
45,120,78,28,1,.,2,21,0
46,0,66.7,31,1,100,0,.,1
46,0,66.7,31,1,.,2,100,0
46,0.5,66.7,31,1,.,1,0,0
46,2,66.7,31,1,.,1,8.4,0
46,3,66.7,31,1,.,1,9.7,0
46,6,66.7,31,1,.,1,9.8,0
46,12,66.7,31,1,.,1,11,0
46,24,66.7,31,1,.,1,8.3,0
46,24,66.7,31,1,.,2,46,0
46,36,66.7,31,1,.,1,7.7,0
46,36,66.7,31,1,.,2,22,0
46,48,66.7,31,1,.,1,6.3,0
46,48,66.7,31,1,.,2,19,0
46,72,66.7,31,1,.,1,4.1,0
46,72,66.7,31,1,.,2,20,0
46,96,66.7,31,1,.,1,3,0
46,96,66.7,31,1,.,2,42,0
46,120,66.7,31,1,.,1,1.4,0
46,120,66.7,31,1,.,2,49,0
46,144,66.7,31,1,.,2,54,0
47,0,76.7,35,1,115,0,.,1
47,0,76.7,35,1,.,2,88,0
47,24,76.7,35,1,.,1,8.2,0
47,24,76.7,35,1,.,2,37,0
47,36,76.7,35,1,.,1,7.5,0
47,36,76.7,35,1,.,2,20,0
47,48,76.7,35,1,.,1,6.8,0
47,48,76.7,35,1,.,2,20,0
47,72,76.7,35,1,.,1,5.5,0
47,72,76.7,35,1,.,2,26,0
47,96,76.7,35,1,.,1,4.5,0
47,96,76.7,35,1,.,2,28,0
47,120,76.7,35,1,.,1,3.7,0
47,120,76.7,35,1,.,2,50,0
48,0,102,22,1,153,0,.,1
48,0,102,22,1,.,2,86,0
48,24,102,22,1,.,1,8.3,0
48,24,102,22,1,.,2,35,0
48,36,102,22,1,.,1,7,0
48,36,102,22,1,.,2,21,0
48,48,102,22,1,.,1,5.6,0
48,48,102,22,1,.,2,18,0
48,72,102,22,1,.,1,4.1,0
48,72,102,22,1,.,2,20,0
48,96,102,22,1,.,1,3.1,0
48,96,102,22,1,.,2,29,0
48,120,102,22,1,.,1,2.2,0
48,120,102,22,1,.,2,41,0
49,0,76.7,35,1,115,0,.,1
49,0,76.7,35,1,.,2,88,0
49,24,76.7,35,1,.,1,8.2,0
49,24,76.7,35,1,.,2,37,0
49,36,76.7,35,1,.,1,7.5,0
49,36,76.7,35,1,.,2,20,0
49,48,76.7,35,1,.,1,6.8,0
49,48,76.7,35,1,.,2,20,0
49,72,76.7,35,1,.,1,5.5,0
49,72,76.7,35,1,.,2,26,0
49,96,76.7,35,1,.,1,4.5,0
49,96,76.7,35,1,.,2,28,0
49,120,76.7,35,1,.,1,3.7,0
49,120,76.7,35,1,.,2,50,0
50,0,75.3,32,1,113,0,.,1
50,0,75.3,32,1,.,2,85,0
50,1.5,75.3,32,1,.,1,0.6,0
50,6,75.3,32,1,.,1,13.8,0
50,9,75.3,32,1,.,1,15,0
50,24,75.3,32,1,.,1,10.5,0
50,24,75.3,32,1,.,2,25,0
50,36,75.3,32,1,.,1,9.1,0
50,36,75.3,32,1,.,2,15,0
50,48,75.3,32,1,.,1,6.6,0
50,48,75.3,32,1,.,2,11,0
50,72,75.3,32,1,.,1,4.9,0
50,72,75.3,32,1,.,2,.,1
50,96,75.3,32,1,.,1,2.4,0
50,96,75.3,32,1,.,2,.,1
50,120,75.3,32,1,.,1,1.9,0
50,120,75.3,32,1,.,2,.,1
50,144,75.3,32,1,.,2,.,1
